indegree:
0||14
1||5
2||15
3||18
4||13
5||94
6||0
7||114
8||46
9||3
10||14
11||1
12||8
13||2
14||4
15||4
16||14
17||14
18||9
19||8
20||10
21||2
22||2
23||8
24||3
25||6
26||0
27||0
28||2
29||24
30||1
31||37
32||0
33||5
34||1
35||9
36||1
37||19
38||3
39||4
40||1
41||6
42||13
43||2
44||0
45||1
46||16
47||3
48||2
49||5
50||95
51||1
52||3
53||1
54||0
55||2
56||0
57||3
58||10
59||1
60||27
61||2
62||22
63||0
64||0
65||2
66||0
67||0
68||2
69||2
70||2
71||13
72||0
73||0
74||2
75||4
76||2
77||2
78||0
79||4
80||4
81||1
82||13
83||12
84||2
85||2
86||10
87||0
88||1
89||1
90||2
91||3
92||0
93||1
94||0
95||1
96||2
97||0
98||1
99||1
